66.64
82.13
67.73
63.23
76.51
67.43
84.91
75.53
71.57
64.47
66.3
64.16
71.12
73.26
66.87
69.92
71.75
84.73
73.32
83.81
64.95
78.16
63.79
72.17
70.31
69.89
78.9
68.17
67.9
64.85
69.4
73.1
78.09
66.48
75.49
79.1
66.13
73.51
81.49
76.88
70.08
69.17
78.86
76.13
68.82
90.39
87.96
84.43
83.32
78.77
86.02
91.67
78.88
73.92
84.75
87.48
86.75
89.84
70.64
83.59
70.71
89.6
74.95
67.01
87.4
79.55
84.8
72.06
80.08
77.32
76.49
71.72
80.64
80.99
74.42
72.99
75.71
69.31
69.82
82.44
80.43
76.64
75.44
77.62
78.77
72.75
86.89
84.6
85.88
69.25
73.8
87.29
79.52
72.62
72.94
69.82
71.49
83.39
80.49
70.1
85.19
81.15
73.19
76.05
75.87
68.1
83.06
78.69
73.09
63.71
77.62
80.58
66.42
76.22
69
66.03
65.09
71.3
80.85
67.89
83.74
84.14
79.3
74.49
67.55
81.31
69.61
73.59
66.15
81.05
82.76
79.69
67.88
69.04
65.73
77.27
64.54
64.53
82.42
75.65
80.92
76.34
69.57
70.99
66.4
77.03
73.05
70.03
85.74
70.48
76.35
77.47
69.71
60.88
62.61
84.13
68.31
77.6
79.96
74.8
83.83
73.68
62.11
67.59
60.38
71.16
66.5
75.68
79.35
84.77
70.34
71.45
72.62
74.12
69.07
82.31
79.16
74.39
79.32
74.55
68.1
65.08
68.28
73.4
67.2
74.81
68.9
64.21
68.6
76.37
80.12
73.06
67.22
79.64
79.49
85.35
64.18
68.37
71.34
75.14
64.81
65.47
63.55
71.16
83.18
67.42
62.32
77.35
78
62.81
76.17
70.81
75.05
86.64
89.33
71.19
70.59
67.01
85.45
68.37
72.28
78.55
74.29
72.72
65.9
80.05
88.32
71.81
88.39
87.98
64.98
82.47
74.14
83.16
64.73
85.59
63.59
80.66
78.38
64.44
76.37
76.99
70.51
84.05
73.5
72.31
64.71
65.66
70.33
77.9
66.79
61.88
64.96
77.05
72.8
86.98
82.07
71.56
89.47
73.6
70.38
65.95
69.45
67.84
65.64
80.33
79.06
69.86
68.49
81.78
64.33
67.69
70.88
75.57
85.98
62.03
65.57
78.29
80.63
86.66
86.2
66.63
90.23
64.63
83.92
65.2
71.81
75.57
64.48
73.57
83.47
69.46
79.08
74.86
78.77
81.63
66.04
86.46
77.32
77.72
81.4
85.1
83.86
64.83
71.81
83.3
81.88
79.7
71.66
68.48
70.85
69.4
74.05
75.28
70.46
81.27
67.7
67.46
65.62
75.12
64.38
70.33
80.52
63.29
69.3
79.73
81.26
70.34
69.52
66.25
69.69
78.29
78.99
78.74
80.83
81.02
76.35
83.28
68.48
75.73
65.99
76.84
64.31
79.89
68.36
82.33
74.55
75.94
81.16
70.44
86.19
80.49
71.23
78.29
65.23
63.62
75.77
83.74
63.11
72.14
87.71
74.94
71.58
73.49
81.8
79.02
75.97
69.64
80.56
73.08
71.06
75.79
74.5
68.1
69.52
71.92
67.55
72.84
77.19
90.36
82.51
85.31
84.56
78.67
81.31
76.95
73.95
67.71
80.87
85.47
65.43
73.57
67.99
74.3
70.33
77.4
69.05
80.33
65.16
79.53
79.05
76.58
71.35
71.09
76.1
83.74
61.14
72.37
63.04
64.77
87.25
65.61
73.21
75.83
71.52
79.37
85.5
73.6
68.79
79.66
78.62
83.64
66.32
73.74
87.55
72.23
80.78
64.52
76.21
68.02
80.09
72.1
87.79
64.54
85.68
65.25
67.57
79.08
80.88
83.73
70.27
74.93
76.92
64.5
73.59
80.67
63.32
83.46
81.76
66.1
65.6
84.83
87.2
74.56
74.23
74.87
75.32
64.02
67.21
60.23
75.82
74.3
78.07
75.63
72.64
69.42
82.2
80.93
63.22
67.85
67.69
63.08
75.41
82.74
87.73
82.65
65.25
77.46
84.11
74.58
86.13
85.06
69.04
81.22
62.32
71.07
68.24
77.46
70.09
69.1
60.56
86.26
74.25
80.36
63.55
82.4
68.1
66.59
65.25
81.57
84.19
68.48
71.22
75.34
85.06
76.93
72.22
77.85
70.27
85.61
82.95
68.15
75.99
85.2
86.14
77.4
69.23
79.78
64.9
84.1
70.28
82.21
65.33
75.51
78.31
72.96
69.91
64.69
65.6
65.78
74.68
78.22
74.04
66.87
80.14
89.3
65.77
68.27
64.36
82.54
75.18
80.3
63.57
69.91
79.65
71.29
67.64
75.81
70
80.03
75.49
82.71
78.99
73.07
87.68
79.43
82.52
64.8
83.21
66.05
69.15
82.98
79.68
74.89
84.6
73.5
82.23
72.44
85.23
75.37
65.5
74.41
69.32
82.52
69.96
86.66
73.95
88.82
69
62.25
78.48
67.34
68.31
78.02
66.14
68.15
70.04
88.65
88.58
61.66
80.39
75.06
68.04
70.89
80.69
71.95
74.72
77.8
76.41
80.36
66.06
82.52
82.01
81.21
80.02
72.33
89.02
77.84
79.1
75.16
85.28
83.3
77.83
63.61
76.29
66.18
66.4
72.78
89.53
70.48
73.59
79.15
75.4
69.22
87.03
79.83
64.11
74.03
80.8
86.55
62.22
75.93
84.26
81.76
71.83
76.57
78.45
68.98
87.7
64.66
86.63
80.94
64.91
68.45
74.11
70.71
84.01
72.11
80.6
66.46
70.86
73.69
60.9
78.47
83.35
72.29
69.76
66.12
77.73
72.45
76.27
83.59
81.91
78.33
85.07
76.63
73.56
84.15
65.12
73.02
66.44
84.49
80.32
85.73
66.53
64.8
64.53
70.79
83.61
69.14
63.49
69.17
80.17
85.31
68.88
75.61
76.34
64.99
66.11
64.44
77.96
65
80.96
79.17
63.59
72.37
68.03
85.83
91.61
81.33
75.15
89.46
64.81
91.76
64.66
64.46
82.29
74.04
68.06
73.58
75.22
84.34
72.04
73.69
89.56
75.2
80.61
85.89
77.18
68.73
66.11
72.58
62.87
73.43
68.19
64.61
87.71
60.72
90.23
66.95
81.04
64.27
63.78
79.81
83.85
86.28
79.09
72.99
76.3
80.45
72.46
69.53
71.29
75.95
68.18
82.42
79
79.09
69.76
68.59
63.31
77.64
78.47
63.03
80.54
72.25
80.03
84.77
73.54
88.45
86.81
87.29
73.28
68.31
85.92
72.66
90.92
78.56
78.32
88.67
85.01
85.21
77.21
86.68
65.56
71.33
75.57
83.3
79.69
78.99
72.69
73.34
81.31
72.42
69.55
66.91
69.36
64.8
72.57
69.81
68.95
77.78
69.63
86.6
71.51
85.43
78.87
79.79
79.05
87.2
65.82
66.62
67.84
80.47
88.02
72.75
89.61
73.08
64.23
70.34
74.46
66.58
79.16
77.58
64.96
63.33
73.53
61.13
59.97
67.18
67.45
73.91
66.78
75.22
75.14
84.86
63.94
73.65
76.77
80.47
74.7
63.72
67.14
82.46
76.23
65.33
71.71
84.41
64.61
61.17
77.67
63.96
73.39
68.32
77.79
72.18
86.49
84.96
68.39
84.74
64.09
77.91
82.35
81.7
63.38
71.28
66.27
72.14
76.91
74.18
62.54
71.02
67.82
63.21
68.1
65.59
63.95
65.71
75.76
72.47
80
84.02
75.72
70.53
82.54
75.09
85.44
82.59
72
68.52
76.22
73.9
77.53
78.52
90.56
69.89
84.1
69.68
77.61
67.9
64.95
80.76
75.47
69.15
81.13
72.98
71.34
74.29
73.75
79.01
78.54
66.2
78.57
69.36
84.66
88.6
86.85
88.06
72.58
79.5
76.24
78.22
73.37
72.48
78.56
76.78
75.7
84.25
74.58
78.16
71.94
90.53
81.48
67.61
79.77
73.3
65.4
70.49
77.68
75.06
72.21
82.57
62.41
84.93
63.67
82.45
64.92
70.54
71.44
86.32
62.22
84.71
80.44
81.32
64.98
84
62.96
68.82
81.09
87.29
67.66
74.72
73.26
70.44
72.45
75.38
78.11
62.95
62.84
74.67
68.78
73.06
74.5
70.3
62.32
79.13
61.42
80.22
61.84
86.17
71
77.34
71.66
65.59
83.74
72.44
69.59
72.85
79.79
72.68
83.58
77.61
65.97
64.12
88.67
66.24
68.87
87.52
67.13
87.95
79.67
66.56
63.23
69.92
72.58
74.41
82.42
82.88
71.55
78.81
80.63
82.22
66.14
61.39
67.91
71.33
75.15
70.36
79.37
76.68
66.04
71
65.41
76.98
63.14
63.72
73.76
65.99
78.08
82.27
78.58
86.1
82.52
76.59
64.4
75.43
83.12
89.71
65.73
72.21
69.98
70.57
63.76
67.1
68.03
72.46
84.76
75.7
78.42
64.21
90.66
65.06
65.39
82.56
79.78
72.41
83.39
76.87
58.87
69.42
71.52
82.13
80.63
83.09
74.03
76.42
68.26
79.07
66.71
72.14
75.91
69.33
67.68
60.94
81.15
70.42
79.94
69.48
69.93
65.1
74.25
90
74.63
67.85
81.67
62.64
75.8
84.43
77.88
62.45
76.12
71.12
88.3
79.98
81.69
64.17
75.12
86.91
69.97
84.56
82.32
75.83
83.23
76.39
65.88
86.47
72.67
64.51
84.81
66.85
83.27
74.8
78.5
87.91
69.9
80.67
73.08
82.84
70.61
86.26
75.89
74.96
71.08
82.98
84.15
75.21
69.47
82.73
62.65
82.76
76.52
78.01
83.56
86.31
68.41
73
70.89
76.58
75.48
87.88
71.62
80.44
79.44
75.41
63.36
64.45
64.46
84.63
85.11
66.35
72.27
83.17
80.7
78.69
84.83
70.69
79.6
81.92
72.03
73.18
84.55
78.79
78.4
76.23
80.15
78.87
75.63
75.59
68.07
64.86
84.57
74.71
72.28
69.34
75.93
63.15
73.97
79.52
79.6
64.12
83.65
78.66
81.04
87.89
84.44
67.6
82.32
76.43
62.44
72.05
67.75
73.88
68.63
86.13
72.46
82.66
78.31
67.02
86.25
82.42
73.18
88.76
58.71
89.59
70.44
77.85
90.72
70.23
67.15
71.54
76.78
75.63
76.39
72.38
78.85
77.63
82.96
75.12
73.89
71.54
66.64
82.52
75.64
63.2
89.6
78.2
72.52
66.91
70.02
72.8
76.93
63.8
82.45
68.32
70.26
77.31
75.76
77.25
91.19
73.62
78.42
78.86
64.8
65.71
66.66
79.56
79.22
74.91
66.75
87.49
62.65
61.95
72.14
75.25
78.63
70.29
73.96
72.76
79.59
90.35
84.49
74.32
64.62
62.68
81.06
69.78
70.35
78.3
76.54
73.04
74.25
74.14
63.63
77.39
81.11
66.28
59.62
78.47
69.3
74.46
76.82
79.55
72
72.87
70.02
80.09
70.29
72.03
90.32
73.38
63.96
79.5
80.93
81.54
77.64
89.8
76.22
64.79
74.64
77.78
73.86
81.36
76.92
74.47
83.81
76.85
60.18
71.62
70.13
82.05
66.07
71.59
82.45
79.08
75.73
86.32
75.23
69.89
79.81
69.73
79.93
72.8
76.71
74.98
73.34
69.1
83.7
78.47
79.12
69.27
64.31
73.1
65.67
65.32
75.52
68.69
84.47
72.1
63.31
72.6
87.7
72.85
81.94
63.78
72.79
71.87
76.43
84.12
78.98
60.99
68.28
74.43
78.98
75.71
81.76
62.72
83.4
65.34
70.23
77.15
68.99
83.58
79.53
86.58
64.04
83.56
67.8
60.75
88.44
69.98
79.84
85.54
75.79
62.7
78.71
63.93
74.64
71.31
76.96
85.46
81.2
77.85
83.65
66.51
63.39
79.85
76.1
71.66
80.61
65.41
87.08
67.05
61.57
63.68
67.89
76.81
65.79
67.41
82.25
65.02
84.87
60.37
70.12
63.09
64.12
73.15
82.08
78.33
63.07
67.19
77.64
75.54
82.23
77.36
74.38
68.4
77.17
70.43
78.55
68.33
78.58
74.85
65.18
85.81
67.38
77.55
66.85
82.02
66.14
78.92
62.02
80.1
72.21
79.75
74.19
71.02
68.34
74.29
75.33
71.66
86.04
62.14
84.2
80.39
70.6
63.14
69.85
77.54
81.56
74.61
77.92
69.88
80.62
70.4
67.25
65.73
74.57
82.03
78.44
80.8
69.92
69.34
81.62
74.11
61.23
80.83
73.94
75.78
67.86
75.2
81
64.42
72.05
81.6
65.16
68.88
70.2
78.14
64.39
79.7
83.48
69.81
78.35
61.74
70.52
80.63
61.8
66
72.59
77.1
68.38
73.19
77.84
87.94
76.43
69.62
69.73
68.93
69.81
63.93
76.46
62.31
75.5
87.45
82.4
83.61
66.43
69.3
79.73
64.91
81.7
84.84
78.72
76.76
84.22
80.3
69.75
85.05
87.81
68.16
78.59
76
79.25
67.44
66.05
78.36
71.49
69.3
88.36
77.64
70.17
74.84
77.5
76.36
67.34
77.68
63.84
82.8
76.42
86.23
60.94
68.29
85.53
71.32
73.5
79.6
89.3
70.83
76.52
76.92
67.8
73.36
88.41
79.2
78.39
61.41
66.95
70.33
86.97
75.58
69.14
61.88
79.79
77.85
71.5
62.32
64.73
72.55
79.84
86.24
74.44
82.08
79.05
59.7
82.46
79.41
84.34
65.02
79.9
60.09
75.16
65.49
75.61
73.2
74.37
81.87
82.79
69.65
73.39
71.2
73.5
84.53
74.88
62.69
62.42
59.85
73.14
79.06
68.53
73.27
77.49
78.44
64.95
69.54
69.92
70.1
84.42
67.29
88.98
65.51
76.63
68.26
66.47
76.82
73.66
71.41
69.83
86.84
68.67
79.44
67.88
84.5
70.54
71.16
84.77
65.44
80.38
66.99
68.91
67.78
69.98
89.14
76.22
77.68
74.04
72.86
74
84.55
85.94
82.85
78.55
86.13
70.27
68.74
73.44
82.43
65.96
84.13
84.68
81.17
77.46
74.55
77.76
72.16
64.17
86.39
69.06
76.22
78.86
69.94
70.61
75.84
69.74
89.19
82.79
63.38
80.99
64.69
88.29
60.49
74.19
80.6
89.5
84.77
80.5
69.78
87.68
62.18
74.67
66.6
71.63
70.23
68.18
63.28
76.11
68.07
86.37
67.79
68.3
74.16
85.56
65.86
77.66
75.13
74.49
75.93
67.72
66.25
78.38
90.37
72.25
65.9
65.54
64.52
74.36
71.62
83.1
76.67
86.15
68.56
73.48
77.4
81.73
71.12
72.35
67.89
77.28
76.1
86.37
63.96
76.67
75.97
82.33
69.57
63.85
68.65
67.61
80.6
71
65.89
84.46
83.74
69.48
60.55
78.33
72.36
62.4
65.01
60.03
77.71
69.91
81.52
72.27
76.66
85
79.54
72.41
85.02
66.71
88.42
65.66
69.36
74.43
61.61
61.95
85.47
69.82
90.84
60.41
68.8
70.85
71.19
70.98
89.24
80.82
66.75
72.61
68.17
76.32
64.07
86.02
72.14
85.51
85.85
62.22
81.92
79.55
85.1
77.76
83.47
84.24
69.78
70.67
82.55
75.34
76.99
71.58
63.06
83.27
74.46
75.62
79.67
81.36
59.81
78.16
75.12
70.11
80.64
84.22
80.51
61.69
64.04
76.86
75.13
80.61
72.61
81.48
65.16
71.78
86.38
84.61
78.39
65.57
73.38
86.7
62.93
71.55
70.44
69.26
76.08
63.25
78.13
84.97
65.38
65.98
84.93
61.53
62.44
64.75
74.84
70.74
68.15
74.56
68.29
68.48
63.6
72.29
78.8
72.8
80.08
68.25
76.92
88.86
60.91
77.37
89.78
83.41
76.44
60.79
73.77
86.91
68.88
81.67
69.12
88.4
85.82
88.63
75.09
76.36
61.71
72.22
64.03
87.42
82.63
68.25
71.1
69.36
80.14
75.52
68.81
84.19
62.24
83.41
84.64
65.92
79.6
68.52
80.27
81.22
72.12
73.27
78.71
69.47
65.45
82.66
72.63
72.88
77.1
80.04
78.34
80.06
80.37
65.91
79.98
76.81
72.12
84.01
62.13
69.87
66.87
62.68
76.21
80.47
64.71
67.97
91.2
65.3
71.45
78.08
66.7
79.47
75.16
79.59
75.49
66.48
81.05
85.66
74.02
81.55
78.82
71.87
83.92
65.21
71.45
61.42
67.33
87.15
66.18
77.64
83.95
82.85
69.61
75.38
84.61
65.81
62.84
64.52
74.36
78.29
74.67
85.84
61.61
61.87
77.54
75.01
83.1
64.61
70.5
87.7
79.29
74.65
69.23
64.99
76.53
88.77
80.74
74.48
88.7
77.46
66.39
90.49
80.83
80.27
73.3
68.79
80.12
77.22
64.67
71.25
82.24
63.69
79.1
83.18
78.89
68.02
73.8
70.38
71.49
80.81
83.94
67.32
83.14
80.99
73.38
87.63
68.54
71.45
64.77
77.98
79.72
82.39
67.48
63.29
71.25
79.77
76.73
80.14
77.87
77.51
67.26
77.65
72.98
78.02
80.13
75.55
68.95
80.69
87.83
80.01
74.32