-9.37
2.69
-1.45
-11.41
-6.48
-9.34
17.9
-7.35
-4.95
-17.53
3.64
-20.85
-0.23
-6.96
-11.57
-1.96
-11.54
11.17
-6.77
5.81
-16.36
-5.78
0.94
9.11
-7.22
-5.72
10.97
-10.49
-11.29
-16.5
-1.35
-14.84
8.9
-10.19
-12.46
-6.25
-21.16
-11.08
0.19
-9.96
3.24
-9.58
-6.47
0.67
-9.67
11.83
11.77
14.07
10.42
10.98
-5.65
5.41
-3.67
-5.06
5.12
0.64
11.09
17.34
-13.89
6.76
-13.82
8.61
4.02
-14.35
4.05
2.54
2.86
4.96
-8.25
5.41
2.11
-3.35
9.14
0.54
-6.04
4.83
10.72
3.13
-7.86
17.97
-1.65
3.7
10.09
15.22
1.79
3.01
7.35
7.6
10.29
-2.88
9.04
15
9.18
-8.7
0.68
0.83
-7.05
0.08
11.15
-13.83
9.44
3.05
-10.03
4.44
-8.28
-6.36
13.46
0.77
-8.43
-1.5
-1.49
15.32
-9.71
6.45
4.65
0.09
-18.41
-14.75
8.3
-12.62
13.36
19.11
6.81
0.93
-13.8
3.36
-8.83
-9.62
-0.14
13.44
0.27
1.41
5.32
-2.97
-16.21
8.86
-10.54
-2.21
11.14
-7.86
1.98
-3.5
-3.34
-9.13
58.65
69.67
64.75
62.36
79.4
61.94
69.38
69.88
62.35
53.63
54.11
76.37
60.18
69.99
73.11
67.5
75.33
65.39
54.01
59.14
53.87
64.48
59.23
68.25
71.82
76.18
63.43
63.46
65.18
67.63
61.97
75.88
71.16
66.78
72.57
67.03
60.27
57.46
60.64
66.33
60.69
66.99
61.57
56.84
61.57
69.18
72.27
66.96
60.67
71.79
72.35
77.61
57.17
59.71
63.9
67.58
57.67
57.65
56.59
62.66
76.23
60.31
55
69.41
71.7
56.03
68.8
64.01
67.36
79.78
82.33
63.42
61.98
58.56
78.26
59.72
65.26
70.87
66.72
66.5
58.16
72.74
80.64
63.46
81.95
81.19
57.52
75.08
67
76.64
56.4
78.4
56.51
72.83
71.13
58.06
68.33
69.13
63.05
75.42
66.37
63.37
57.54
57.08
61.32
69.43
59.22
54.02
57.75
69.42
64.8
79.41
74.47
63.51
80.72
66.58
62.28
58.63
61.53
61.35
57.86
72.08
72.08
61.51
61.82
73.68
57.58
61.21
62.12
67.67
77.64
54.67
58.86
70.84
74.51
78.16
79.85
57.56
83.38
57.48
77.5
57.74
65.54
68.51
56.55
66.07
75.97
61.33
72.19
67.21
70.84
74.4
58.29
80.22
70.11
70.28
75.25
78.02
75.86
57.98
64.07
77.02
74.46
71.92
62.66
61.64
63.99
62.7
66.26
67.61
62.94
74.8
59.19
60.19
58.98
67.68
56.65
62.58
73.14
56.58
61.87
72.87
74.29
62.43
62.87
58.8
63.65
70.69
72.85
70.67
73.78
73.88
69.64
75.62
59.91
69
58.7
69.16
56.6
71.92
61.13
74
65.6
68.48
73.29
64.19
79.01
73.18
63.12
71.73
58.91
54.68
68.73
74.89
56.04
65.16
80.83
66.88
64.33
65.68
75.41
71.13
67.7
60.79
73.32
66.06
63.02
67.92
66.6
61.61
62.26
65.24
59.54
65.18
69.57
82.54
75.28
78.16
77.18
71.91
72.41
68.9
67.2
59.87
73.57
78.28
57.67
65.81
60.12
65.75
62.88
70.41
62.47
73.6
57.83
70.96
72.63
69
64.48
62.92
69.23
76.32
53.73
64.63
55.19
58.38
78.77
58.31
65.65
69.11
62.98
71.12
77.84
64.89
61.8
72.52
70.77
75.71
57.84
66.91
80.1
63.59
72.76
57.9
68.12
60.7
72.27
64.1
80.09
56.3
78.38
56.7
60.93
71.85
72.68
76.43
61.59
67.14
69.17
56.99
65.86
73.66
55.81
75.47
73.94
59.2
59.37
76.61
79.61
66.51
66.17
65.77
67.82
55.96
60.87
53.91
68.49
66.09
71.36
66.65
66.68
61.13
75.84
74.17
54.69
59.64
61.27
55.22
68.09
76.08
80.98
75.85
58.72
70.99
75.43
67.92
79.71
76.97
60.08
74.04
55.07
64.27
60.73
69.48
63.38
61.16
52.46
78.88
66.42
72.15
56.7
75.01
60.18
57.65
57.61
73.71
75.96
62.34
63.42
67.47
78.58
69.04
65.58
69.62
62.97
78.97
75.99
59.97
67.67
78.04
80.07
71.25
61.93
72.69
57.12
76.72
61.97
74.01
57.9
68.62
70.41
64.61
61.9
57.32
59.05
57.53
67.78
71.88
66.72
58.35
71.54
81.94
58.67
60.17
57.83
76.55
67.95
73.55
54.55
63.6
72.87
64.11
60.29
67.97
61.8
73.49
67.11
74.31
71.58
65.78
81.33
71.16
74.66
56.21
74.38
58.22
61.18
75.81
72.16
67.78
78.1
67.13
75.32
65.34
76.49
66.83
57.59
66.2
62.86
75.88
63.97
80.21
66.2
80.06
61.96
54.5
71.19
58.82
61.38
70.28
59.27
60.44
63.42
81.06
80.06
53.62
72.38
68.81
59.4
64.47
73.99
65.15
67.03
70.2
69.86
73.41
57.91
75.29
74.01
73.5
72.74
64.34
82.8
70.13
70.57
67.17
79.24
76.58
69.92
56.81
68.95
59.01
59.37
65.01
81.82
63.62
65.95
71.34
69.39
61.65
79.14
72.36
57.5
67.15
72.94
79.03
55.08
68.16
77.52
74.07
64.92
67.68
70.43
62.55
81.41
57.76
79.06
72.14
58.93
60.83
66.94
61.85
77.29
63.35
72.87
59.86
62.78
64.98
53.6
70.94
75.47
65.12
61.39
58.78
70.04
64.46
67.68
75.31
75.31
71.52
77
68.34
65.64
76.08
56.91
65.09
59.4
76.71
74.06
77.7
59.04
57.12
56.83
64.03
76.85
61.39
56.99
62.24
73.3
77.69
60.79
68.56
68.86
56.43
58.61
55.88
69.58
58.64
74.15
71.34
57.54
65.44
61.75
78.52
84.56
73.07
67.14
82.59
57.36
84.2
57.56
57.92
74.49
67.69
61.2
65.24
68.19
78.11
65.56
66.41
82.06
69.18
73.7
77.84
69.68
61.77
59.7
65.38
56.7
64.53
61.2
55.89
79.49
53.9
82.41
58.95
72.63
55.55
56.4
72.79
75.79
78.26
70.74
65.25
68.18
72.19
64.21
61.53
62.63
67.48
60.63
75.39
72.13
71.24
61.48
59.91
56.78
71.75
69.8
54.41
74.46
65.31
71.79
78.25
65.72
80.4
79.97
80.81
64.41
59.34
77.82
66.14
83.84
71.67
70.46
81.93
76.96
77.9
68.34
78.67
57.75
64.55
68.41
76.3
72.63
70.76
64.21
64.77
72.63
64.84
61.72
58.93
61.42
57.73
66.15
61.85
61.19
70.46
62.36
78.03
63.44
76.64
72.06
72.08
72.82
80.46
57.68
60.01
61.23
72.65
81.46
65.45
81.78
65.9
57.37
62.76
66.8
59.56
72.91
69.68
57.09
56
67.33
55.07
51.58
59.09
61.1
65.47
58.04
68.21
67.12
75.89
57.09
66.15
68.45
72.61
67.73
56.76
59.96
75.55
69.26
57.9
65.68
77.52
56.16
53.39
71.55
55.94
66.92
62.36
71.68
65.38
79.15
78.57
60.81
78.29
57.12
69.52
75.78
74.46
54.94
63.66
59.56
64.58
69.23
66.07
54.65
64.77
60.83
54.36
60.39
58.82
55.17
57.74
66.97
65.48
74.01
77.61
67.91
64.41
75.87
67.64
77.1
75.57
63.85
61.36
69.31
66.88
70.6
70.18
82.45
63.14
76.05
62.92
70.69
60.06
58.07
72.96
68.01
60.55
74.65
66.36
63.06
67.06
66.68
72.43
71.36
58.37
71.26
62.98
76.88
82.02
78.3
79.59
63.8
72.95
69.53
69.59
66.71
65.04
69.89
69.5
66.67
75.97
66.63
69.33
64.4
83.62
75.16
60.26
72.17
66.59
58.64
63.63
70.09
66.52
65.45
75.28
55.6
75.83
56.45
74.86
56.63
62.59
65.27
79.46
54.73
77.63
73.24
74.24
58.71
77.25
54.68
62.86
72.21
80.1
59.01
66.66
66.29
63.47
64.01
68.76
70.21
55.55
56.44
67.73
61.1
64.67
66.15
64.38
54.7
71.86
53.49
72.84
55.06
78.8
64.42
70.54
64.85
58.05
77.74
65.56
61.58
64.05
73.71
65.41
75.94
69.95
57.59
57.35
81.04
59.12
60.6
80.99
58.35
81.29
73.15
59.29
54.59
61.3
63.86
67.67
75.58
75.5
63.93
72.3
73.61
75.9
58.54
52.58
60.33
63.41
66.99
62.3
72.49
69.61
59.66
64.58
59.27
69.9
54.54
55.92
65.81
58.61
71.72
74.25
70.48
77.87
74.55
68.15
57.18
67.76
75.78
83
56.83
63.14
62.82
63.96
56.47
59.27
60.21
65.18
75.93
69.26
71.76
56.55
82.43
58.1
57.51
74.89
72.32
64.96
76.44
69.19
52.62
62.22
64.06
74.48
73.9
76.29
66.84
70.12
60.21
71.71
59.7
64.19
69.02
60.62
61.18
53.45
74.61
62.59
72.77
62.93
63.14
57.93
66.3
82.2
67.5
61.28
74.53
54.63
67.6
76.22
70.72
55.32
69.91
63.63
80.39
71.27
73.47
57.86
67.19
78.56
61.65
77.84
73.29
66.69
76.13
68.5
57.83
79.86
66.37
56.96
76.79
58.85
74.63
66.66
72.3
80.66
63.04
71.82
65.28
74.47
64.15
77.98
68.84
67.13
64.49
75.37
76.2
68.45
61.36
75.4
55.9
74.34
68.7
71.36
77.15
78.72
60.19
65.87
62.77
70.27
68
79.8
64.6
72.81
72.41
68.81
55.46
57.5
57.02
77.35
77.71
58.06
64.35
74.43
72.4
69.67
77.91
63.92
72.73
72.96
64.69
65.47
77.03
71.45
70.83
68.11
74.16
70.89
69.03
68.73
59.22
58.04
76.79
67.55
65.24
62.4
68.09
54.83
67.11
72.24
71.99
57.68
75.86
71.95
73.42
80.24
76.31
58.77
75.59
68.96
55.12
64.55
60.33
67.13
61.28
77.19
64.98
74.49
71.02
58.75
78.95
75.72
65.46
81.52
51.2
82.26
64.33
70.67
83.5
61.42
59.26
64.46
69.14
68.66
67.94
65.88
70.62
70.01
74.62
68.92
67.31
65.1
60.45
74.69
69.1
54.62
82.95
70.08
64.61
58.71
60.99
66.09
70.49
55.21
75.47
60.54
62.75
68.88
69.14
70.37
84.28
66.76
70.12
72.43
58.58
56.91
57.96
72.71
71.64
66.63
58.98
78.53
54.52
55.1
65.88
68.52
70.57
62.21
65.64
63.64
71.34
82.56
77.02
66.52
57.84
54.92
73.74
61.37
62.83
71.06
67.59
66.46
65.12
67.6
55.8
68.71
73.61
58.55
51.6
72.53
62.36
67.3
69.69
71.34
63.78
64.89
62.56
72.54
63.04
64.27
83.7
66.03
57.42
71.23
74.35
74.77
70.7
83
68.67
58.44
67.21
70.48
65.55
74.64
69.64
67.5
76.78
69.35
53.07
62.81
62.62
73.65
59.06
64.39
74.4
72.4
68.09
77.44
68.63
63.39
73.1
62.05
72.99
64.24
69.17
68.25
66.91
61.01
75.42
69.99
70.97
61.72
56.61
64.93
59.55
58.54
66.45
61.53
77.89
63.48
55.38
66.48
79.89
64.04
73.59
57.22
65.44
63.03
69.43
76.94
70.88
54.15
61.59
66.25
70.62
67.61
72.92
55
76.32
59.1
63.35
70.5
62.24
74.7
71.37
79.23
55.59
77.44
60.49
53.41
81.58
62.08
72.21
77.62
67.42
53.93
71.59
57.03
67.84
63.74
68.55
77.38
73.41
70.63
76.71
59.42
57.09
73.23
67.94
63.6
73.71
57.49
78.45
58.81
55.05
57.39
61.44
69.43
58.52
58.91
75.32
58.73
77.39
53.21
63.05
55.2
55.84
65.44
74.69
71.15
55.71
58.12
69.04
68.81
74.79
70.7
66.88
60.64
69.12
62.5
70.74
60.13
71.54
66.87
57.2
78.83
59.16
69.71
60
73.74
58.14
72.06
55.81
72.57
65.19
71.59
67.54
62.82
61.49
67.26
68.43
63.61
79.18
55.65
76.68
72.89
63.03
56.34
62.1
68.47
75.24
67.43
69.32
63.01
73.19
63.05
60.51
59.1
67.31
74.34
70.23
73.35
63.15
62.6
74.35
67.23
54.54
72.5
65.86
67.98
60.06
67.68
73.79
56.92
65.21
73.79
58.15
61.77
63.03
69.33
56.07
71.34
76.29
62.2
71.53
54.06
61.99
73.39
53.15
57.98
65.25
69.44
59.77
66.99
70.35
80.03
69.12
63.08
63.33
60.91
61.86
55.96
69.88
53.59
68.86
80.07
76.13
75.99
59.75
62.34
71.68
57.2
73.77
76.41
71.49
69.15
76.64
73.95
62.38
76.73
79.47
60.96
71.55
69.41
71.76
61.24
59.56
71.33
63.98
61.87
82.21
70.76
62.14
68.49
70.19
69.59
60.66
68.87
57.02
75.25
68.4
80.09
53.53
61.27
77.54
64.81
65.38
72.16
82.87
63
69.45
70.23
61.17
65.04
81.14
71.74
70.42
53.72
59.07
61.41
80.96
68.54
62.4
54.8
72.82
70.89
64.94
54.28
58.28
65.96
73.16
78.13
65.77
73.21
72.09
52.55
74.31
71.92
77.71
56.91
72.25
52.35
68.02
57.05
67.43
64.78
66.9
75.37
76.03
60.78
65.32
64.57
66.35
76.68
68.43
53.58
54.64
51.84
65.08
71.21
60.36
66.58
69.27
70.04
57.93
61.7
62.44
63.62
77.21
59.13
81.49
57.12
68.95
61.53
58.18
68.84
64.89
64.74
61.68
79.3
61.21
70.76
61.28
78.04
64
65.14
78.68
57.73
71.9
60.38
60.24
59.18
61.86
82.53
69.31
70.36
67.24
65.35
67.65
77
78.13
75.64
70.82
77.75
62.73
59.84
67.46
74.43
57.83
75.69
77.89
74.28
70.98
66.99
69.96
64.1
56.89
78.48
61.44
68.88
70.68
61.91
63.27
68.22
62.79
80.73
75.41
55.95
72.93
56.98
80.36
54.53
66.6
72.38
82.66
77.9
73.71
61.84
80.51
53.8
67.35
59.57
63.87
62.9
60.15
54.29
68.75
60.1
80.15
61.58
61.71
66.74
78.86
59.17
68.93
67.4
67.23
68.86
59.77
57.98
71.64
83.57
65.76
58.59
58.48
55.62
65.52
63.56
75.97
68.93
78.75
60.61
67.57
69.63
74.53
62.54
64.33
59.88
69.84
68.9
80.31
56.67
70
67.52
73.4
62.85
57.96
60.36
59.25
72.6
62.03
59.17
77.77
76.09
61.84
53.49
70.25
63.46
55.4
56.34
53.6
70.29
62.14
74.01
65.44
68.63
77.07
70.94
63.99
78.64
59.51
80.65
56.89
61.79
66.54
53.74
54.26
78.67
63.21
82.54
53.78
61.2
62.76
63.77
64.51
82.76
72.56
57.69
65.77
61.05
68.4
55.43
79.83
64.23
78.49
77.95
55.77
75.44
72.58
78.32
71.32
75.44
76.95
63.24
63.37
73.64
67.67
68.54
64.14
56.44
75.01
67.49
68.99
72.27
72.7
53.08
71.76
67.4
62.93
73.27
77.2
73.77
55.29
57.54
69.24
66.84
72.7
64.46
74.02
57.44
64.43
79.3
78.26
71.56
59.6
66.02
78.77
55.39
63.09
62.35
60.85
69.37
56.98
71.08
76.1
58.32
59.57
76.96
53.4
54.44
58.4
67.48
63.61
60.79
68.08
61.19
61.69
55
65.55
72.51
65.58
71.85
60.19
69.91
81.33
53.29
70.42
83.1
76.18
68.2
52.53
66.95
78.42
61.33
75.35
62.89
80.88
79.54
79.75
68.41
69.93
54.08
65.32
57.65
80.5
74.81
60.16
63.87
63.32
72.15
67.24
60.56
77.23
56.2
76.95
78.5
58.71
71.46
60.32
73.08
72.98
63.78
66.05
70.16
63.47
57.64
73.85
65.78
66.47
68.61
72.31
72.21
73.89
71.6
58.02
73.07
70.69
63.44
75.28
54.99
63.27
57.99
56.29
67.87
73.8
56.21
59.62
82.74
56.5
63.27
69.87
58.57
71.78
67.18
71.72
67.57
60.09
73.82
78.82
65.62
74.91
70.76
64
76.46
58.02
62.42
54.13
60.11
78.99
59.81
68.94
76.46
76.76
61.39
67.52
77.38
57.85
55.21
57.3
66.23
71.78
66.88
79.11
55.37
54.97
68.49
68.91
75.16
55.86
62.21
80.86
71.28
66.66
61.88
57.54
68.91
80.05
72.02
67.08
82.49
70.52
58.25
82.52
73.36
72.3
66.19
61.69
73.25
69.62
56.48
63.65
74.59
56.8
71.41
76.3
71.62
60.82
64.94
62.63
63
74.11
76.88
60.67
76.36
73.55
66.35
80.07
60.23
64.39
58.02
72.06
72.81
74.21
59.88
55
64.57
71.63
68.15
72.25
71.05
70.24
60.6
71.57
65.94
69.94
71.68
68.59
60.43
74.52
79.4
72.58
66.58