76364896
124002637
152423953
144980467
104763737
73117403
96668445
130517495
132254823
114107640
132172137
136883884
103565596
176632379
89440320
76631752
149178522
140589085
109634581
128471083
85897124
123499587
96539873
137337259
81751601
116870956
98091442
90478459
128596894
113738712
123030618
40708449
20010320
44260437
45975635
62974514
63867734
78401853
145151210
143050563
118263279
144087023
191048682
127502850
111264054
118930460
168864695
89893636
108744607
103277189
161130565
73333659
85685514
110925664
73285716
81676383
157615934
103147696
130567912
136278612
180680314
114577311
82146130
77737012
110033659
88507434
109783729
90013365
138068716
149623074
118391691
129630909
155163884
181012399
180828890
98644155
306836199
205988472
105777611
175696749
119571233
128802696
119937840
196167287
472784763
221523926
121981950
165042481
166468145
153946467
163047829
193172638
153238477
115470494
145742563
160916744
231815868
94746468
101265027
200789044
87860839
98498450
95348753
327976765
109854402
176312493
126730287
103467694
111803879
104702287
118563969
145496473
283735300
99433429
127893703
133957847
270362587
55831151
103560904
57627436
111351019
113987263
138635821
66911875
69515905
55433569
64945818
73283785
84345208
101433033
55694562
74104378
111592279
90575997
101834135
95472843
95286253
107957049
320519097
107698788
66281484
83617343
128894167
71680705
74388713
171172083
175245953
51800598
58850406
258366739
311460681
54198634
51424175
155667277
137873548
62829875
210193769
55274660
140002981
120352308
204593503
134621238
235505706
58232574
65357272
158093022
27055141
8220978
11174591
310235015
190614861
123519241
166675252
212002772
80498759
116438617
174931343
144443424
2911768
7365184
190672783
11069507
170824209
92265068
169468656
192423635
114436020
134274715
236668753
59373225
46083068
157061550
58330218
210800213
174581580
241067003
129323154
36171684
37572330
96942732
240296886
81396601
201099357
190925265
251715305
262257320
73726576
142369081
79089388
186228422
256712620
89193889
220713003
253526167
235099094
268737571
63697672
139425042
34097493
145382219
83282291
90882893
161973898
147749994
84302557
278843503
134200088
110639211
188102498
182311100
26900590
22206178
237239119
132859326
49457504
206216009
184417999
193054282
66111043
47928533
174172334
11511781
125490680
264892895
295500297
114885424
182022042
209480818
46943870
130162217
16957258
4596133
287485540
35813437
5871204
46381376
14949561
8914317
135086292
206636023
44407983
255951416
52066457
3607882
129087294
112826217
222179934
202750662
8686059
5093617
259245970
123006338
75213047
236916241
57026776
35406422
257135581
72456281
179333961
227240000
158037634
14748363
280237308
151808787
113025938
106415147
70068194
36165971
72560558
115106389
102873047
12057760
80961000
98554373
213397752
252621792
15377730
6816695
39825413
22948728
131976012
135358330
112588300
61568098
233573018
199240580
241571972
32062084
75612274
36347715
149414410
98319715
272296836
167752177
76601206
190598187
218034424
195796693
96681190
56010851
115429416
224498251
109115612
70333744
236628803
92110764
285224201
164308312
46936517
11721401
132417556
163070988
140274335
73609926
213871508
190288642
124670048
115092161
235535515
136535890
74723928
106971140
49739093
64501591
46151791
113350890
101267132
139404931
156901404
27514508
87090151
1132815
160050876
260484102
294333198
237232074
46325621
68191721
203875806
133735458
255081957
56179832
231438054
181356792
240365254
19963869
7990680
38449704
30613351
111872471
2815336
200378936
101218485
37474367
113646654
148496999
227938516
53523701
9807569
106279261
250162320
150053222
139751987
266400258
135055681
16096453
7249069
221970744
38374017
11909077
79613751
134801959
14503262
192379294
142079154
178336625
113633075
69470159
166207480
181709091
37775522
34265507
1661971
235960839
141488849
100463689
123507961
166052986
131220046
133772882
81102642
146785264
21093464
122252748
198616297
134331799
23675750
4996606
129579680
190728522
87995967
267409283
269126377
235229605
154996548
95461911
57124884
177382217
45808631
120724318
205597811
106046544
163877214
168972510
140237468
131199613
17982075
109555397
196258364
58165151
154879635
111871870
109591609
181035161
142151020
65798054
102257783
181460724
131205999
254972472
175502957
276459199
101491619
92510762
91170958
177629387
197167155
168678175
98451158
139711668
172147090
175178757
51843003
302822041
177374075
27183837
99413394
182391933
82961620
183632614
32546760
104679457
151555255
187509049
143367190
128894946
23264125
195887507
22421207
204050952
211236770
183272033
214817524
13235460
37382226
138641644
124936758
197691160
210928004
157111539
251705834
279113328
23149053
251556690
205308795
195794853
145383473
145761184
130439174
78670435
85123027
48686063
203163053
100539261
254602051
215349183
52704918
231965149
51227138
200674004
118470357
423770
94715274
21667627
56516720
107747815
122965665
40931401
103314188
46542056
109430995
201601342
55850715
72212071
76700651
90572617
109147795
56463561
188789137
95803581
76765961
296424785
55998057
200461770
249582453
32314449
148002111
59782128
159403586
120272120
77166554
156859440
214596325
112169757
210872262
76166422
10966313
175845290
115441159
183194298
222251018
167730523
59138537
35496179
163198774
194867745
212928462
249284363
143604463
81249216
227148259
287287168
54653234
224398307
81227814
79680840
260783122
59568026
147925335
143939876
178787409
233930170
81605519
35793980
142883584
163063176
146130828
135421188
155139203
20652853
218301706
89654441
50393407
69062627
103743812
162360814
159508751
10924158
134335402
109513516
217209677
147564084
186146166
164317701
197220638
276353089
87004048
127455116
132710191
17776093
206101060
67280224
104615364
89927622
52916236
17230400
234387039
49631300
48745505
104841570
232193291
228922247
246920258
215773053
40987286
149528668
96559421
163028298
73199937
47596675
7189220
152200055
125034025
59642687
150732666
94735232
194269321
312258414
278377260
164100112
156423879
181039559
250115346
127591490
30597002
211508830
98906753
188705168
114896806
20738905
99035296
32915025
90055666
175959886
72599590
257011397
205867995
187242007
23239855
89492281
125318594
283599325
40806637
27413314
82981447
253855203
239304054
66327555
200424439
177506955
93765507
65031099
180191233
65319754
14163577
175043767
113151065
79503321
167047009
19448554
56156420
142552605
218553966
24206420
136906298
127825347
41262768
219590530
118902830
82041165
201444494
213829526
213099171
203619693
112551529
132509515
108938042
55911557
61389475
99447772
70216395
79647948
211280453
120378092
20317144
198332031
141264685
263313736
141860987
71761548
133639029
191286515
17917337
223051876
183028753
8238064
135182884
19810435
98610702
196742761
277904585
34786729
173483148
8184445
66827502
5922704
96747854
41362265
136614681
204189222
211270535
3408741
3689236
254244247
107390698
119680073
71066495
28944742
62843751
96240294
159350649
114603156
11774753
21950818
90502505
28546999
188194063
66797855
175846120
220636863
213568544
181699693
27001242
155120088
115818312
128961848
88515989
3716710
95550628
65921515
141648485
29795370
123527434
191035805
157606696
197271842
162827265
234856426
211015818
135078549
23019796
81463427
173103152
140038984
48419748
218216933
150392273
65797063
250606864
226336811
157208212
63642622
205713433
55158054
124389788
257493843
185900276
224349318
173398988
80991245
124964764
192024231
107346425
115775456
145894224
96667965
184662266
254002891
75669393
93703113
173461733
228183907
182624657
160513599
155340325
185025948
149986969
57862525
63683922
75500380
211101623
122788720
109416357
94800525
199171843
97436440
219995759
77243417
224297975
27578728
135688706
143078376
206613675
224078785
107644742
145792325
187445609
193122776
211165514
25486729
98668460
247162352
152162341
24079490
201192614
44942256
122135361
68239984
241179878
155929518
105070192
219997907
113839980
99258377
111469760
127085629
225615007
125407740
182244285
150048252
222908982
97221828
113946927
78684021
9527961
19962352
119248830
91740373
62637685
57744817
198426422
268480648
30213858
49078936
26384344
241920166
107226474
44883858
71178831
77898276
139993196
36278011
44485868
5672187
85209492
174321710
191916616
191838665
60431920
291315500
167815749
122754620
175275563
148230605
146294274
286400270
169161483
57604455
132897705
109244343
196611826
40267394
38023111
9298078
265796441
195571004
52941940
198102250
67325166
4793516
7905014
253976283
154138050
7776643
98308360
189560410
22294837
173683898
165098941
36425820
157269369
144356322
204574157
142432441
76565966
27408507
177573926
209281796
131601263
43392681
152819570
237877794
227661128
176091608
82559905
15263187
220993479
16021438
169064334
197382355
79903796
81153224
50550689
160176200
93566323
213500835
194202888
215910326
2656995
111734205
7440141
98208127
179905974
44029373
59712569
181894719
49539589
168949656
161692281
37504923
183186313
214868355
202501780
187728823
12174890
214344608
36865868
121306704
14037058
285554714
210117491
163981316
65573272
2028459
39262241
90046845
39101122
219085592
67401989
34980676
44362073
43312719
217177825
173681463
200378577
21425197
91508853
139245851
6231707
162274263
206062266
179636436
239861917
116642534
33714317
65780301
217571098
10032645
243361689
70278527
274249772
127543420
33157778
148515740
129720543
106234383
86232442
251229023
601921
115066641
64924013
81519296
171054141
67171772
258376215
140509576
90272083
25164656
157724191
163382073
11757825
30742242
183132870
194947371
193443712
217508326
118641824
236989164
187724859
148605141
106368782
151743907
237373850
20398299
119517757
180061654
40265205
141685327
116202894
21106940
106985970
241963114
219795154
91947162
6580394
151711146
141892677
1110585
159599211
247845512
98504736
106885471
23100138
286242104
98659271
274681800
122606097
246526897
98067285
5709541
260065301
172792199
25783918
107510158
186598120
162878141
203233609
44528915
206684788
197758431
145287146
120086108
231016818
277657570
113823126
201292448
156905736
182268095
168072
13150423
224942541
118229561
250673111
120389313
57941530
241542206
102127097
135706728
263467626
133107569
18268267
171567671
206947090
58572021
628231
191544662
3810286
76697023
198088202
144793926
56363892
3088606
164584155
207443130
158104948
152950245
45378900
99290713
161289375
84255570
221821728
87496724
52586209
39776376
7682169
12708544
223159910
128915660
110355358
23147228
179259434
42623055
186043087
132875786
199598036
195159248
49600344
262265845
204580366
174958599
946629
87313979
167743431
13419610
82547168
95624381
230050715
8106043
136948548
268188505
212159650
90281068
117641032
138313381
167856499
19686817
171558096
51708660
130560547
86560305
310873768
107110262
299016452
170962542
185152273
57593707
42112496
96037209
63964830
161070208
33463965
6568741
184994997
211736988
43939630
217302225
117069678
11009763
283973127
5970338
32042292
53859570
255234899
67586244
153486204
174365912
167972650
12696699
168513725
27973817
201918002
139257339
50572437
145477705
101419329
172097675
180787900
254226618
249256325
216876264
160686546
164157465
97285989
83444281
70655792
218064327
141744800
194130597
5028244
37901770
125114461
235283929
268876782
230477268
9904402
65286903
66095886
9580163
204696360
151331276
23370720
222843507
145252175
124034158
112423882
63911882
42089756
219304300
76832930
135925964
94485956
172288937
15647063
168196299
40573932
54793717
183311580
176187522
17013902
129984089
80203334
78023944
18098282
217500736
184987120
20986088
286702230
19957931
179893318
38975265
174805195
169631350
50235087
258444729
38927662
46333403
202603954
239492535
65590976
149580980
182047477
210378524
88361997
133809758
311911711
245104841
126056998
82641284
82369278
175377707
143215240
17707324
102555772
74135788
179948069
96296344
111837510
6899490
174448546
273204837
247194127
936740
24335939
238377462
109181255
254936079
123994440
182386932
69104692
42198414
175789164
216086736
286697409
131577258
32330667
122138897
155850875
86281144
30388933
157302561
169470231
245241039
241479193
188411147
73774773
271220054
118923318
20025119
211762936
274588440
103222330
10360473
117814447
34142024
138270965
27429441
57450010
305091951
136238121
122706691
18554448
116761039
164833513
191399704
196437064
165026174
129924668
235419941
102440784
3641054
119305065
106696170
182965273
264225657
237410493
85128967
174163215
171059492
199223415
309680222
126598579
30271074
68775406
92059802
159286892
164653516
139351643
1511610
88057720
188970589
103243580
41751364
77924731
177579102
27132118
227374508
40514258
147895833
178877147
198268905
121944285
170854527
215959263
247645750
248356428
149878248
13290
236423237
195009591
174300040
130858210
75360726
183374509
50863640
114272820
74261758
38563202
78875588
7001305
258752635
81790937
45703613
198077315
6097416
126144535
274478332
145534746
185341380
1326343
57748845
90535827
139956352
109466197
235400659
103687473
226092799
185360393
13579514
111851983
81241520
133968107
152684856
101408854
26405666
232342282
46290415
175374582
81492848
231016982
1025023
189581682
190289132
85762564
138703099
84659692
40536471
215820304
46703343
152196389
123323342
177808820
125681070
258685872
84670325
73410112
28851582
173016995
206549876
133977099
145602060
191693123
251012590
68741210
148151386
61286260
67694575
202357472
130385073
198742626
204636280
22536090
49438848
196656462
113054930
108944950
143200671
143523735
3882783
117020367
47914365
160311969
96205737
125674943
198851649
161203399
23357081
168229226
73191271
288728307
10690207
66601225
27913609
128377945
177699074
83938295
141901873
57588068
21039109
65788215
186617589
177135718
233577741
92918635
185906871
213068698
28480843
133144729
97467316
1055073
283115917
153075401
96567582
288616767
127055061
84734823
125432443
167438553
6930702
211226061
86651688
75166326
181484086
187765403
51693743
111923035
20044409
99424863
73060363
261057888
13975099
219337351
217231711
181900494
105757276
141697097
79309340
78286827
9533223
166961268
187939059
13931087
123693247
252232831
180141744
84500099
181384267
103073466
233263508
173084494
84599302
206580244
179984373
157549343
162602054
197171532
3266060
50644028
153086399
31331258
196204963
256609086
16926513
204513636
265450484
203320178
102141735
251824216
36374420
123583187
108749704
141838235
119060333
54125756
80902234
99275381
179713647
80510092
74383488
113507449
234563486
149903826
163750231
92655794
3424330
255040446
212986236
103886078
223439598
213117039
76192867
257040738
167837109
272199263
237869929
17168411
209974595
88198425
19165816
128726067
9979899
104947281
74944473
108033766
45261293
65424257
65241429
43686113
239611262
151882985
233352012
123411751
141762376
86859770
18383262
40335563
145102338
143560045
73561134
25989359
227752650
165702930
75805029
146859851
156906398
21821895
262751612
232196986
260405277
211354443
9617953
124419318
3360995
27828400
167481585
192400154
247564679
241280960
19056262
79352640
208382089
172760229
100283993
316635533
123094131
88480718
79961245
73373518
118643165
133322792
190515259
105464429
243558950
100347235
61832726
12763647
137727473
194612902
95769719
29435001
39720819
237760553
117305579
34749207
177295131
43766594
213513813
204221788
220831758
43021413
165115748
144171275
197531218
38149209
210585081
167360089
20827010
108430658
256454553
57279419
86201660
37135880
16683695
28062872
65595151
11590408
28023672
150558923
107948420
130505251
170111796
177698861
218654265
5911231
245442074
87340193
56240291
54867686
168492050
127990910
83054537
113841402
44844527
131394538
44096257
115441352
204041291
34048239
73071489
173965688
91644111
132145773
190115950
159360483
230405518
150010072
129587440
38382928
56331444
92561811
197626830
7162307
197257485
25114105
55874613
194819066
61600851
104143777
6645220
186070068
125498099
74689794
197991015
191277641
6742660
135610226
212753078
213587519
11270754
232542430
204944932
38836956
211653551
47395030
287112072
124388947
140971077
11064072
176992837
88747995
150760123
266380310
186579275
13741658
236397124
153727138
109561302
6051501
12646867
21643518
44785786
172272964
134906084
122374504
89017102
18483254
158472350
166876035
204874080
30498219
245568169
73159053
156649687
14517119
208383196
30057078
290784070
189032531
31633855
79959339
91757462
104248908
58877205
156533068
153382902
53819753
139308487
87583041
298560754
262772706
237461523
145149575
66094998
196937169
25910445
35166933
154773809
196191266
107541012
109288302
75259660
199411936
83159241
5246154
256514215
113137991
82454573
181286124
242451220
149713315
92773752
190947850
4043474
33582255
82841714
165634301
196854881
101132928
93653280
98477617
226346189
266233359
297735391
192074482
42046804
170875441
127307193
27722284
146466908
6670104
69503496
92800804
123228057
276480688
46322725
48629554
83342980
177942490
238402257
131840858
6576141
101021563
115746141
17836960
32182911
22554247
269746489
199333632
134772884
194624386
3156370
101663412
51683277
40076016
60623462
10119494
163195746
35293244
210591558
95247474
111605837
205541025
178471419
204140799
248440938
122770501
140347273
103972612
235438110
250945337
11511591
171381465
30946270
178145458
108555879
65512071
66469161
198238328
94389151
191649880
76931682
97232158
45796250
194866484
34575163
73709782
60158630
131215285
170598230
31732570
157828199
207649774
157409432
90679255
169096168
210204814
156379844
24212075
5550267
140612508
168912773
186888491
193853599
221860544
205126347
205984227
164418064
286433108
163830730
302800505
204313316
234330692
22389643
62423551
61712487
144439491
256750195
168337788
126506304
26984786
43958565
137128440
3417612
163035964
19580495
32904674
125973108
194329374
72807840
250064751
13842176
52972779
49789194
119865700
22950834
5396299
117021831
221695889
235935277
9002531
124392245
140005173
5049882
91211465
174133927
244415304
57036153
256243429
35643244
107296404
292667801
122131000
171659682
10760083
222852374
6684378
205883111
189982836
262899858
141696610
83684071
13347495
188915941
194433516
270045472
28103523
88720223
138543429
187763194
202932818
102308197
60502165
91913955
244719587
41505350
115495019
15928875
111795951
111391112
133968621
173688577
65221433
39347206
58447742
70302530
120945081
152548456
185557960
183295208
136346431
64154522
42141105
16214096
264608225
216673584
184629938
25213133
18935897
24006246
183501453
203223623
82795463
246326739
52060037
83368032
210216101
136919403
147472514
203838105
59475925
89869794
225969181
137981980
124702820
296594289
140933215
21293177
189744668
121567055
136252598
145965122
41209151
205632477
280386157
177266514
11443027
157661766
62040073
150463977
201234757
100220416
266616240
195904913
275795970
3082480
226322680
65671404
166428234
185235304
219648372
158795870
69350341
248143161
192613253
136885389
217057501
14406710
254558459
166121795
81488143
109190403
110320159
44324286
109593264
129132276
88273354
214723374
110052883
206616678
104794291
166312341