76.01
79.44
69.18
74.64
82.99
76.77
67.01
82.88
76.52
82
62.66
85.01
71.35
80.22
78.44
71.88
83.29
73.56
80.09
78
81.31
83.94
62.85
63.06
77.53
75.61
67.93
78.66
79.19
81.35
70.75
87.94
69.19
76.67
87.95
85.35
87.29
84.59
81.3
86.84
66.84
78.75
85.33
75.46
78.49
78.56
76.19
70.36
72.9
67.79
91.67
86.26
82.55
78.98
79.63
86.84
75.66
72.5
84.53
76.83
84.53
80.99
70.93
81.36
83.35
77.01
81.94
67.1
88.33
71.91
74.38
75.07
71.5
80.45
80.46
68.16
64.99
66.18
77.68
64.47
82.08
72.94
65.35
62.4
76.98
69.74
79.54
77
75.59
72.13
64.76
72.29
70.34
81.32
72.26
68.99
78.54
83.31
69.34
83.93
75.75
78.1
83.22
71.61
84.15
74.46
69.6
77.92
81.52
65.21
79.11
65.26
76.13
69.77
64.35
65.94
83.5
86.05
72.55
80.51
70.38
65.03
72.49
73.56
81.35
77.95
78.44
83.21
66.29
67.61
82.49
78.28
62.56
72.01
81.94
68.41
75.08
66.74
71.28
83.51
78.94
79.84
72.91
80.12
7.75
7.36
8.3
7.67
6.34
8.54
6.97
7.59
7.36
7.25
8.5
7.76
8.13
7.61
6.85
7.3
8.5
8.29
8.1
8.45
6.51
6.68
7.27
7.43
7.53
8.59
6.91
7.99
7.44
6.49
7.1
6.43
8
7.61
6.75
7.52
7.83
7.62
7.64
7.07
6.51
7.82
7.33
7.37
7.03
7.19
7.85
6.1
6.55
7.85
7.14
7.74
7.01
8.66
7.44
7.56
7.14
7.82
6.96
8.5
6.95
7.11
7.32
7.94
6.3
6.78
7.37
6.8
7.69
6.86
7
7.77
8.61
8.45
7.19
8.65
7.02
7.68
7.57
6.22
7.74
7.31
7.68
8.35
6.44
6.79
7.46
7.39
7.14
6.52
8.33
7.19
7.08
7.83
7.25
6.38
8.04
7.86
7.46
8.63
7.13
8.94
7.17
8.58
9.01
8.47
7.57
7.86
7.21
7.63
8
7.57
7.6
8.05
8.75
7.02
8.1
7.32
7.92
6.49
7.78
8.25
6.98
8.35
6.67
8.1
6.75
6.48
8.76
7.9
8.34
7.36
6.71
7.45
6.12
8.5
6.35
9.07
6.85
7.15
6.42
7.46
6.27
7.06
7.93
7.5
7.5
8.13
6.89
7.65
7.93
7.23
7.75
6.24
7.21
7.44
6.15
7.08
8
6.85
7.74
6.28
7.42
7.78
9
6.84
6.86
6.7
7.79
7.67
7.52
6.47
8.51
7.27
6.64
7.44
7.73
7.75
7.38
6.71
7.43
6.86
6.97
7.91
6.65
7.45
6.04
7.6
6.14
8.07
7.05
7.14
6.71
7.66
8.57
6.73
7.29
7.68
7.71
7.97
7.23
8.33
8.95
7.46
7.87
6.25
7.18
7.31
8.11
6.56
6.32
8.94
7.04
8.85
7.07
6.98
6.88
8.06
7.25
7.81
6.39
7.89
8.27
8.85
7.24
7.02
8.04
7.87
7.9
6.49
7.26
6.68
8.01
7.66
7.62
7.82
7.23
7.15
7.38
6.76
8.9
8.05
6.75
7.84
7.3
7.19
7.76
7.76
7.87
8.55
7.45
6.99
6.58
6.73
7.33
8.57
6.42
7.58
6.87
8.17
6.87
7.42
7.41
7.74
7.85
6.39
8.48
7.3
7.56
6.72
8.54
8.25
7.66
8.71
6.99
7.14
7.85
7.93
8.48
6.83
7.45
8.64
8.02
6.62
8.09
7.32
7.82
8
7.7
8.24
7.3
8.55
6.64
7.23
8.2
7.3
8.68
7.79
7.75
7.51
7.73
7.01
7.51
7.99
7.82
6.9
6.23
8.22
7.59
8.05
8.06
9.1
7.5
8.06
6.34
6.32
7.33
8.21
6.71
8.98
5.96
8.29
6.36
6.76
8.53
8.21
6.42
7.86
7.32
6.66
6.75
6.8
6.53
6.47
8.68
6.66
6.42
8.09
8.96
7.18
7.25
6.8
7.51
7.98
6.71
7.94
8.1
7.38
7.83
8.21
6.85
7.39
7.92
8.94
7.64
7.86
8.23
6.14
7.8
7.87
6.48
7.89
6.64
8.23
7.3
6.64
6.96
8.18
8.32
7.16
6.07
6.15
7.3
7.09
7.78
7.38
8.31
8.2
7.43
6.89
7.9
8.35
8.01
7.37
6.55
8.25
6.9
6.34
7.32
8.52
8.6
7.36
7.1
8.1
6.53
5.99
7.23
6.75
9.02
6.31
6.78
7.18
7.35
7.84
8.2
6.54
8.38
8.4
7.41
7.29
6.35
8.27
7.86
8.59
8.83
7.83
7.97
7.17
7.52
7.11
6.5
6.37
6.91
7.1
8.74
8.54
7.91
8.21
6.46
6.64
5.99
6.45
7.75
8.76
7.04
7.75
7.29
8.52
6.93
7.74
6.87
7.71
6.62
7.59
8.52
8.04
8.01
6.25
8.64
6.42
6.7
6.8
7.69
7.6
6.55
6.95
8.15
7.23
8
7.71
7.28
7.99
6.22
7.71
8.53
7.99
6.04
6.72
7.91
6.8
7.34
7.17
7.03
7.77
7.71
6.86
7.64
7.81
6.01
7.57
7.89
7.47
6.61
6.88
7.86
7.52
7.14
7.77
6.74
7.69
6.91
8.89
8.02
6.43
6.29
6.9
7.57
8.8
5.98
7.62
7.17
8.86
6.72
8.76
7.73
6.6
8.08
8.71
7.3
7.53
7.88
7.17
8.37
7.34
7.69
7.99
8.59
8.28
6.6
6.81
8.07
8.29
7.92
8.07
8.21
7.93
7.04
7.78
6.26
8.03
7.49
7.68
7.7
6.76
6.76
7.75
6.5
6.93
6.87
7.62
8.09
7.05
7.48
8.56
7.5
8.56
8.38
6.36
6.81
7.83
6.05
6.93
6.28
7.31
7.05
8.26
8.01
6.87
7.45
7.56
7.1
6.54
7.8
6.35
6.86
8.34
7.03
6.23
6.48
7.28
7.5
6.02
6.91
8.05
7.5
6.96
6.41
7.2
6.17
8.9
6.99
8.72
8.22
6.82
7.82
8
8.41
8.72
7.38
7.02
8.06
8.02
8.35
7.74
8.12
8.26
8.25
8
8.66
8.47
7.55
7.03
6.87
7.85
8.28
8.68
6.53
5.89
8.67
8.62
6.08
6.94
8.24
6.52
7.82
8.05
6.84
6.48
8.87
8.97
8.1
6.52
7.08
6.89
7.86
6.74
8.05
7.31
8.87
8.01
7.81
6.78
7.16
7
7.06
8.23
8.48
8.57
8.68
7.58
7.83
7.98
7.94
7.07
6.42
7.96
7.76
7.32
7.27
8.57
8.07
8.79
6.81
7.71
6.23
6.74
8.14
6.61
6.61
7.82
6.56
7.3
7.83
7.18
6.86
7.58
7.66
7.02
6.25
7.9
7.87
7.33
6.2
6.06
8.39
8.09
6.35
8.44
8.74
7.01
8.02
8.97
6.85
7.5
8.32
7.86
6.97
6.96
7.18
6.91
6.97
7.43
6.03
6.89
8.45
7.78
6.12
8.02
6.47
5.96
6.11
6.8
7.34
6.39
7.58
6.45
6.97
8.39
6.57
7.24
8.44
7.62
6.71
7.56
7.68
8.11
7.89
6.25
6.99
8.85
7.71
6.77
8.78
7.97
8.79
6.99
5.99
6.41
7.81
6.12
6.67
7.45
8.34
7.02
8.15
7.16
6.91
7.02
6.93
8.34
8.11
6.75
8.05
6.76
6.92
7.84
6.88
7.8
7.46
8.6
6.48
6.62
8.28
7.23
7.07
6.58
7.18
7.83
7.31
6.38
7.78
6.58
8.55
8.47
8.78
6.55
6.71
8.63
6.66
7.44
8.67
7.28
9.03
8.28
7.95
8.83
7.54
6.91
6.32
7.35
7.6
6.71
6.76
6.86
7.59
8.54
6.76
7.29
6.81
9.1
7.22
7.59
8.29
7.95
6.17
6.86
7.49
7.08
7.2
7.08
6.27
6.75
8.28
5.96
8.88
7.19
8.65
8.06
6.97
6.97
8.44
6.62
7.9
7.4
6.4
6.94
7.68
8.39
8.35
5.92
7.62
7.27
7.93
7.38
6.78
7.37
6.58
6.8
6.81
7.54
6
6.88
8.01
8.8
6.08
7.27
7.64
7.66
8.38
6.77
7.63
7.12
8.27
6.53
8.78
6.66
6.52
7.27
8.64
8.62
8.72
6.74
6.84
7.38
7.62
6.51
7.02
6.32
7.6
8.81
7.58
7.92
8.16
8.06
6.88
7.07
6.38
6.42
6.14
7.08
8.6
7.8
7.95
7.38
6.36
8.02
8.1
8.23
7.97
8.44
7.22
7.67
7.34
6.71
8.9
9.07
7.16
6.61
7.29
7.83
7.82
7.28
8.83
6.44
6.66
7.66
8.23
6.96
7.88
7.67
7.46
7.45
6.95
7.68
6.25
7.2
7.46
7.65
6.73
6.8
7.19
6.3
8.05
7.36
7.01
7.95
6.89
8.71
6.5
7.49
6.54
7.83
7.17
6.55
6.79
7.17
7.95
7.8
7.13
6.57
7.14
8.01
8.2
8.21
7.16
7.13
6.21
7.49
7.91
8.71
8.22
6.31
7.93
8.35
8.32
6.72
9.03
9.14
7.1
7.89
8.05
6.61
6.3
7.55
8.02
8
8.64
8.14
6.2
7.25
6.86
8.85
7.8
8.37
6.46
8.28
7.05
7.83
6.59
7.61
7.95
6.76
8.11
7.33
6.75
8.42
7.82
6.65
6.41
7.59
8.22
7.13
8.12
6.31
7.48
8.08
7.02
7.63
7.03
6.6
7.9
6.95
7.44
7.28
7.4
8.29
7.92
8.74
8.3
9.02
6.92
6.77
6.87
8.96
7.34
7.71
7.52
7.34
7.57
8.12
5.99
7.98
6.6
6.86
8.85
6.82
7.78
7.16
7.04
6.94
7.84
8.32
6.86
7.28
7.61
6.44
7.79
6.71
7.62
7.65
8.13
8.83
6.73
7.47
7.32
7.5
7.42
6.75
7.35
8.94
7.48
8.17
7.29
8.27
7.3
6.7
7.72
7.24
7.51
7.33
6.11
7.18
7.22
8.81
7.89
7.08
7.64
6.97
8.45
6.5
8.23
7.62
8.34
6.2
6.58
6.44
6.19
7.83
6.54
8.58
6.65
8.12
7.91
8.2
9.03
6.71
6.44
8.59
6.98
7.78
7.51
8.43
6.62
6.88
6.91
6.86
8.3
6.43
6.22
8.8
8.7
6.85
7.58
8.28
7.77
8.96
8.13
6.85
6.26
6.73
8.06
8.08
8.32
9.12
8.25
7.79
7.47
7.8
6.78
7.76
7.32
8.41
7.52
7.24
8.95
6.58
9.13
6.54
7.83
8.68
7.5
7.73
8.02
5.94
6.94
7.16
7.13
8.21
8.22
7.98
7.46
7.55
7.25
7.76
6.62
7.35
6.54
8.27
6.58
6.77
6.94
6.8
7.55
6.35
7.43
7.3
8.31
6.72
7.28
6.97
7.03
7.5
7.11
8.81
7.51
8.4
7.01
7.2
8.05
6.68
7.64
8.88
6.6
6.5
6.71
7.68
6.94
8.56
7.54
6.73
6.43
8.09
8.28
8.48
8.15
7.55
7.7
8.17
6.12
6.78
9.07
7.16
6.58
8.62
7.93
6.12
7.81
8.81
8.35
6.56
7.35
8.84
7
7.18
8.1
6.84
6.69
8.18
8.36
8.1
8.84
7.72
7.08
6.24
6.88
6.65
6.75
8.88
8.16
7.35
8.45
6.12
7.31
7.34
6.86
7.9
7.63
7.92
8.37
8.77
7.12
6.9
6.8
7.57
8.41
8.08
7.79
7.22
6.94
7.09
6.3
6.62
8.16
8.06
6.9
7.92
8.63
8.24
6.52
6.29
6.45
7.38
7.27
8.5
6.93
6.29
7.48
7.16
7.07
7.89
8.28
7.71
7.39
7.18
7.36
9.07
8.6
6.73
7.44
6.66
7.5
7.76
8.05
7.93
7.81
8.2
7.04
7.98
7.98
6.98
8.22
7.84
6.85
8.28
8
6.86
6.21
7.53
7.02
8.16
6.65
8.2
6.85
7.03
6.9
8.05
6.86
6.49
7.52
7.5
7.57
6.8
7.75
9.07
6.32
7.18
8.6
6.87
7.43
7.35
6.74
6.63
7.26
7.69
8.21
7.45
6.77
6.74
7.27
6.88
6.69
8.33
8.08
7.8
7.8
7.52
7.21
7.5
6.84
7.81
7.01
7.11
7.17
8.81
8.32
8.36
7.19
7.61
6.82
7.68
8.53
7.24
8.65
8.02
7.34
7.66
8.61
6.2
7.49
7.91
7.31
6.54
6.4
8.02
7.95
7.97
6.58
8.72
6.64
7.38
6.27
7.62
6.68
6.96
8.05
7.71
7.93
8.43
7.23
7.61
7.58
6.35
7.37
8.32
8.34
7.2
7.04
6.59
7.49
6.2
6.49
7.03
7.51
7.43
6.15
6.88
8.03
6.35
7.31
6.77
6.68
8.81
6.82
7.55
8.02
6.14
7.41
7.02
7.99
6.51
8.12
7.44
6.43
7.83
7.07
6.69
6.63
8.32
7.27
7.46
7.97
7.69
7.88
8.92
6.01
7.04
6.74
7.08
6.97
6.96
6.56
8.04
6.45
6.59
6.68
8.11
8.67
8.87
6.96
7.15
8.15
7.49
6.63
8.11
7.65
7.74
7.14
8.44
8.18
8.42
7.47
6.5
6.76
8.87
8.07
6.63
7.15
7.85
6.45
9.11
7.78
8.01
8.06
7.85
8.17
6.69
8.22
8.4
7.02
7.84
7.48
6.48
7.21
8.16
7.49
8.39
7.68
6.73
8.29
7.98
8.77
6.67
8.15
7.54
7.46
8.68
6.6
6.46
6.54
6.02
6.09
7.71
8.48
6.61
8.67
8.6
8.12
6.61
6.91
7.32
6.8
7.51
6.35
7.55
7.81
7.21
7.73
8.38
7.54
8.9
5.98
8
8.13
8.44
6.79
6.89
6.48
7.56
7.8
8.06
7.28
7.91
7.62
7.34
8.18
8.03
7.34
7.62
6.95
8.46
7.38
7.43
8.06
7.71
7.93
5.96
7.59
8.22
6.84
6.87
6.79
7.94
7.17
8.38
7.32
7.03
7.76
7.33
8.03
8.99
7.36
7.97
6.22
6.21
6.59
7.42
6.7
6.69
8.73
7.73
7.26
7.07
7.95
8.27
6.74
6.8
6.49
7.31
7.06
8.9
8.84
8.06
7.13
7.74
7.4
7.95
5.91
7.77
7.2
8.58
8.02
8.01
7.44
7.2
6.06
7.29
6.67
8.45
8.93
6.72
5.89
8.29
8.36
8
8.97
6.72
6.69
7.65
7.64
7.06
8.08
8.9
7
8.67
6.43
7.42
7.77
7.51
6.83
8.03
7.93
8.6
8.42
6.38
7.2
7.77
8.77
7.57
7.89
7.87
7.69
6.8
6.61
8.3
6.63
7.6
8.09
7.42
6.47
6.48
8.26
9.06
6.84
7.12
7.92
8.64
6.19
7.91
7.02
7.9
6.45
6.48
6.97
6.78
6.44
8.03
7.29
6.54
7.3
8.91
7.67
8.45
7.44
6.62
8.26
6.97
6.63
7.4
8.66
6.73
6.4
7.72
7.18
7.37
7.02
6.74
6.4
6.5
7.62
8.29
7.91
8.15
7.46
7.72
7.35
7.08
6.35
6.83
5.97
7.36
7.93
7.54
8.46
8.09
8.41
6.71
6.27
7.05
8.87
7.06
6.41
7.97
8.13
8
6.35
7.36
7.13
7.36
6.48
7.1
6.79
8.6
6.74
6.29
7.22
8.23
8.06
7.01
7.53
7.62
6.95
6.68
7.23
8.24
8.26
6.82
8.49
7.55
6.32
6.23
7.52
6.28
8.88
6.68
6.43
7.63
6.9
6.38
6.92
7.82
8.09
7.23
6.04
7.99
8.28
8.25
6.96
6.04
6.46
6.14
7.21
8.14
8.2
7.19
8.24
8.34
7.22
8.55
6
7.81
8.81
6.85
6.41
8.49
7.73
6.13
6.17
8.77
7.89
6.91
6.12
8.68
8.73
7.14
6.6
8.88
6.39
8.34
6.67
8.5
8.35
8.46
8.8
8.18
8.21
8.13
7.69
7.98
7.87
7.92
6.39
7.23
6.84
8.4
6.64
8.06
7.87
7.46
7.19
9.03
7.29
7.22
8.16
6.37
8.7
7.49
6.09
8.22
7.86
7.23
7.96
7.63
7.22
8.13
6.51
7.79
6.73
6.24
6.9
9.05
6.1
7.94
8.75
8.29
6.84
8.01
7.99
7.35
7.45
7.62
8.72
8.72
7.4
6.21
6.94
8.14
7.97
7.47
7.97
7.11
7.1
6.87
7.6
8.19
7.6
7.65
6.89
7.69
6.88
7.27
7.2
8.86
7.75
8.49
6.7
7.06
6.65
6.78
7.44
7.03
7.56
8.31
7.06
6.75
5.92
6.91
8.18
7.6
8.29
6.68
8.14
8.58
7.89
6.82
7.27
6.66
6.08
7.04
8.08
8.45
6.96
8.52
6.17
8.43
7.43
7.74