66.24
63.23
77.26
83.16
74.29
74.02
63.37
80.22
67.04
84.08
84.59
74.76
70.62
69.16
76.29
74.89
82.39
74.75
84.35
79.65
69.73
67.07
65.87
66.95
75.21
80.77
79.58
81.61
76.11
69.3
75.06
68
65.58
72.96
70.74
77.34
76.16
84.41
67.06
68.41
67.7
69.28
89.15
88.03
79.33
69.15
72.8
81.96
69.3
73.98
74.1
85.97
73.55
79.53
75.61
81.96
87.91
81.24
75.43
67
74.95
79.33
87.4
65.91
67.23
80.49
86.19
73.49
66.44
76.3
83.71
84.84
74.42
80.44
77.91
64.79
80.56
72.51
78.16
75.88
85.89
75.38
77.33
80.09
80.85
84.6
80.65
70.75
74.56
82.73
84.15
75.71
84.98
67.52
71.49
81.86
78.96
82.3
85.94
85.66
85.39
75.28
76.63
68.85
62.48
74.28
82.78
71.12
62.25
74.72
71.48
79.18
72
79.53
70.33
64.47
82.37
67.13
77.6
74.2
74.73
72.23
71.31
76.84
79.23
72.12
79.38
68.52
84.23
63.61
64.99
66.17
67.17
71.44
68.21
63.06
80.19
82.52
74.12
83.07
63.59
66.56
67.16
84.1
63.92
78.61
75.02
71.25
75.65
78.89
68.97
76.45
76.44
75.72
67.6
76.91
65.23
77.88
72.71
76.78
71.19
66.04
68.2
66.08
73.81
79.32
64.79
87.83
79.13
77.66
76.28
62.12
67.61
82.31
68.71
69.33
80.09
76.9
78.94
76.17
69.77
76.25
69.42
82.07
79.55
65.62
75.54
73.41
62.24
67.03
67.97
74
78.75
73.48
83.81
74
75.57
65.17
87.09
76.86