-11.87
-16.63
-4.24
7.9
1.26
8.9
-18.4
-4.73
-10.37
11.86
-0.88
8.16
-0.97
2.52
9.66
8.15
3.81
6.5
19.89
-3.55
-7
-17.25
-13.12
-13.07
0.63
-3.77
-2.54
8.47
9.93
-4.88
-3.16
-13.22
-3.25
-8.65
1.83
-4.2
3.89
-2.43
-17.26
0.16
2.01
-7.73
-1.11
14.97
-9.69
-1.21
-5.71
9.39
-7.89
-9.08
-8.45
-0.19
3.48
-6.51
7.05
0.8
13.55
-7.35
-2.78
-13.22
-5.9
14.09
4.05
-21.78
-0.16
-1.86
18.6
-12.96
-4.87
-7.96
5.29
20.32
-6.79
11.54
2.46
-4.39
-5.5
-10.17
5.2
7.4
9.4
-0.81
-7.05
-1.02
-0.92
20.19
3.56
-2.9
9.05
5.83
-3.2
0.47
19.64
-14.5
-13.98
5.43
-7.91
11.23
20.69
15.14
20.49
8.29
10.52
-13.06
-7.12
7.49
3.53
1.47
-18.33
8.01
6.95
1.91
-8.82
7.6
0.49
-20.06
9.05
-1.12
-1.96
3.05
9.79
-13.34
-11.53
-3.34
-2.17
-11.83
13.09
-0.56
10.5
-9.55
-8.23
-13.04
2.64
8.18
-14.23
-6.64
8.13
11.91
1.2
16.04
-18.25
-13.56
-18.8
7.76
-9.4
1.07
2.82
-2.51
-9.96
-0.52
0.86
-7.06
-7.23
7.7
-6.19
9.94
-0.9
11.76
-11.55
-0.25
2.69
-21.63
-10.31
-12.18
-2.92
0.55
-18.14
11.5
16.22
3.32
1.93
-13.42
-0.51
13.07
2.15
-17.07
12.66
11.63
-2.46
0.04
-13.5
10.39
-1.38
8.92
15.43
-9.98
0.04
-7.45
-9.89
-4.15
2.18
-5.04
17.76
-15.9
16.49
-4.11
-10.46
-12.84
5.06
7.07