178113383
120427323
81482907
83892599
120103219
99503437
101901257
86721806
144563275
123529359
120494587
172952538
125216449
70178552
146466186
137911198
135600666
109971247
94333449
87896103
114870229
139746684
71647470
92365755
104957842
72224033
95902768
155219890
101500259
44507904
17124216
48981551
49992923
57576698
58545423
54375478
195262937
145883247
109815902
171862835
196667761
89251995
126971921
83888449
180378197
83316052
135930758
84193361
144854750
63555838
82891421
117264273
72642859
78859956
109933802
117412803
139894191
126466552
180680314
154042830
102226295
71391133
146711546
78334165
122827341
73717842
126455460
172293237
112289026
184724046
152091331
220976175
124505137
111116405
207114434
222009797
92315006
138427741
102157946
148062912
80630480
129669901
426350545
161449641
119784077
159938074
108566181
174349011
178175978
209122672
123338286
140848624
124383739
130342562
205067884
81347978
135020036
192059085
133502833
88648605
73554752
459967414
149184990
139194073
128860208
63415683
81147977
91614501
116261756
152996291
206352945
130439552
124557345
155391102
264548338
66997381
85705576
87161498
92636562
92681233
119380845
53406726
95034402
62907759
62423651
100456425
132066840
92820794
60757704
62022142
118212160
57846855
129972514
74073757
119381627
89774809
261067974
140124230
87842931
74528501
117069014
89999107
96794952
150423951
196617410
52951722
75886050
283517483
266248647
52808926
37840430
196549592
106487700
96339142
183682843
34717968
208297118
121398849
215476136
130457695
188404564
55405750
71076033
162078560
20090451
10190587
11801203
274340055
254153148
112649548
184650034
221467182
83348272
115262469
172873328
190739393
2949099
8895612
309533738
13606269
184135187
101679871
118628059
211454544
132745783
175452294
203177892
87497384
64205623
181661552
72190865
145643784
128026492
164832139
165159691
40316356
25588052
152338578
61364648
134460691