78.11
79.86
81.5
75.26
73.03
65.12
81.77
84.95
77.41
72.22
85.47
66.6
71.59
66.64
66.63
66.74
78.58
68.25
64.46
83.2
76.73
84.32
78.99
80.02
74.58
84.54
82.12
73.14
66.18
74.18
78.22
81.22
68.83
81.61
68.91
81.54
72.27
86.84
84.32
68.25
65.69
77.01
90.26
73.06
89.02
70.36
78.51
72.57
77.19
83.06
82.55
86.16
70.07
86.04
68.56
81.16
74.36
88.59
78.21
80.22
80.85
65.24
83.35
87.69
67.39
82.35
67.59
86.45
71.31
84.26
78.42
64.52
81.21
68.9
75.45
69.18
86.06
82.68
72.96
68.48
76.49
76.19
84.38
81.11
81.77
64.41
77.09
73.65
65.51
76.9
87.35
75.24
65.34
82.02
85.47
76.43
86.87
71.07
65.25
70.52
64.9
66.99
66.11
81.91
69.6
66.79
79.25
69.65
80.58
66.71
64.53
77.27
80.82
71.93
69.84
84.53
73.32
68.25
79.56
71.15
64.94
85.57
82.84
80.18
81.4
83.95
66.29
69.08
73.73
73.16
73.22
79.21
64.53
63.26
82.44
69.7
72.06
70.61
72.92
67.03
81.84
80.12
85.96
76.34
73.32
77.54
72.2
73.76
85.61
79.41
68.11
83.51
83.67
68.02
73.79
66.97
66.13
66.12
84.26
77.03
68.5
87.67
78.51
78.26
76.73
78.77
82.93
76.33
62.91
74.34
74.35
75.54
68.12
69.24
66.56
86.4
67.43
65.27
81.4
76.13
83.27
65.86
70.8
73.15
64.12
75.6
75.5
80.86
72.13
71.18
65.79
79.04
60.99
89.38
67.32
78.11
86.03
78.01
82.03
69.79